   0   18    7   12   10    3   19    6   14    1   20    9    4   15    0
  17    0    2   13   16    6   12   19    5   14    7   18    0   10   20
   2   11    0    8   16    9   17    4   15    7    1    0   20   14    5
  12    6   19    0    3   10   20    2   11   13    0   16    9   17    4
  15    7    1   10    0   14    5   12    6   19    0    3   10   20    2
  11   13    8   16    9    0    4   15    7    1    0   20   14    5   12
   6   19    8    3   10   20    0   11   13    8    0    9   17    4   15
   7    1   10   20   14    5   12    0   19    8    0   10   20    2   11
  13    8   16    9   17    4   15    7    0   10    0   14    5   12    6
  19    8    3   10   20    2   11   13    8    0    9   17    4   15    7
   1   10   20   14    5   12    6   19    8    0    5   18    0   11   13
   8   16    9   17    4   15    7    1   10    0   14    5    0    6   19
   8    3   10   20    2   11   13    8   16    9    0    4   15    0    1
  10   20   14    5   12    6   19    8    3   10    0    2   11   13    0
   0    9   17    4   15    7    1   10   20   14    5   12    6   19    0