   0   12   19    7   15   10    2   18    5   14    9    6   20    8    0
   4    0   13    1   16    3   10   14    7   19    6   12   20    0   15
   5   18    0    9   13    4   16   11    7   10    1   20    0    8   12
   3   14    8    0    5    4   11   13   10   18    7    0    2    9   12
   8   16    5   14    0    1   19    3   17    6    0    7   18   15    9
  12    4   10   13   20    0   14    3   11   16    0   18    7   12    1
  19    8   10   17    4   13    0   15    2   20    0   18    7   12   10
   3   14    8   19    5    4   11    0   10   18    0   15    2    9   12
   8   16    5   14   20    1   19    3    0    6    2    7    0   15    9
  12    4   10   13   20    6   14    3   11    0    5   18    7    0    1
  19    8   10   17    4   13    9   15    2    0    5   18    0   12   10
   3   14    8   19    5    4   11   13   10    0    7   15    0    9   12
   8   16    5   14   20    1   19    3   17    6    0    7    0   15    9
  12    4   10   13   20    6   14    3   11   16    5    0    7   12    0
   0    8   10   17    4   13    9   15    2   20    5   18    7   12    0